分类报告(精确率/召回率/F1-score)
============================================================
              precision    recall  f1-score   support

           0     0.9919    0.9959    0.9939       980
           1     0.9912    0.9947    0.9930      1135
           2     0.9942    0.9942    0.9942      1032
           3     0.9960    0.9941    0.9950      1010
           4     0.9849    0.9980    0.9914       982
           5     0.9889    0.9966    0.9927       892
           6     0.9927    0.9885    0.9906       958
           7     0.9884    0.9951    0.9918      1028
           8     0.9979    0.9836    0.9907       974
           9     0.9950    0.9802    0.9875      1009

    accuracy                         0.9921     10000
   macro avg     0.9921    0.9921    0.9921     10000
weighted avg     0.9921    0.9921    0.9921     10000
